vanilla,0.206
